1 10
100 200
201 210
900 1000
50 250
10 1
500 520
430 320
600 640
1000 1050
6 25
49 400
400 450
125 175
175 180
299 203
800 802
1 20
65 75
85 75
42 63
101 130
15 18
19 23
30 45
13 120
4 18
2 6
6 8
75 89
34 90
90 150
150 201
233 245
32 23
12 201
55 66
77 88
99 111
134 140
141 151
160 200
992 999
999 900
45 53
77 84
56 70
1 6
6 45
78 89
13 87
98 363
56 78
90 99
78 54
789 800
801 989
54 93
300 400
500 600
700 800
750 850
850 950
350 450
550 650
33 133
67 200
654 670
555 560
111 222
333 444
34 77
11 22
33 44
55 66
77 88
99 143
123 231
44 90
15 31
3 6
14 17
93 100
933 966
92 103
70 115
45 132
150 167
430 500
132 176
56 200
45 54
67 76
89 98
101 110
61 139
155 172
173 175
89 104
140 153
1 113
142 199